/*
created with obj2opengl.pl

source file    : ./tennis_court.obj
vertices       : 2570
faces          : 4236
normals        : 0
texture coords : 4469


// include generated arrays
#import "./tennis_court.h"

// set input data to arrays
glVertexPointer(3, GL_FLOAT, 0, tennis_courtVerts);
glTexCoordPointer(2, GL_FLOAT, 0, tennis_courtTexCoords);

// draw data
glDrawArrays(GL_TRIANGLES, 0, tennis_courtNumVerts);
*/

unsigned int tennis_courtNumVerts = 12708;


float tennis_courtVerts [] = {
  // f 1/1 2/2 3/3
  -0.238861208117292, 0.002005241330881, -0.0154867468903242,
  -0.238861208117292, 0.002005241330881, -0.0236269362995185,
  -0.233313180940319, 0.00149134942510014, -0.0154867468903242,
  // f 2/2 1/1 3/3
  -0.238861208117292, 0.002005241330881, -0.0236269362995185,
  -0.238861208117292, 0.002005241330881, -0.0154867468903242,
  -0.233313180940319, 0.00149134942510014, -0.0154867468903242,
  // f 4/4 3/3 2/2
  -0.233313180940319, 0.00149134942510014, -0.0236269362995185,
  -0.233313180940319, 0.00149134942510014, -0.0154867468903242,
  -0.238861208117292, 0.002005241330881, -0.0236269362995185,
  // f 2/2 3/3 4/4
  -0.238861208117292, 0.002005241330881, -0.0236269362995185,
  -0.233313180940319, 0.00149134942510014, -0.0154867468903242,
  -0.233313180940319, 0.00149134942510014, -0.0236269362995185,
  // f 3/5 4/6 5/7
  -0.233313180940319, 0.00149134942510014, -0.0154867468903242,
  -0.233313180940319, 0.00149134942510014, -0.0236269362995185,
  -0.227765153763345, 0.002005241330881, -0.0154867468903242,
  // f 5/7 4/6 3/5
  -0.227765153763345, 0.002005241330881, -0.0154867468903242,
  -0.233313180940319, 0.00149134942510014, -0.0236269362995185,
  -0.233313180940319, 0.00149134942510014, -0.0154867468903242,
  // f 6/8 5/7 4/6
  -0.227765153763345, 0.002005241330881, -0.0236269362995185,
  -0.227765153763345, 0.002005241330881, -0.0154867468903242,
  -0.233313180940319, 0.00149134942510014, -0.0236269362995185,
  // f 4/6 5/7 6/8
  -0.233313180940319, 0.00149134942510014, -0.0236269362995185,
  -0.227765153763345, 0.002005241330881, -0.0154867468903242,
  -0.227765153763345, 0.002005241330881, -0.0236269362995185,
  // f 7/9 8/10 9/11
  -0.227765153763345, 0.00634113333995917, -0.0248813687658545,
  -0.238861208117292, 0.00634113333995917, -0.0248813687658545,
  -0.227765153763345, 0.0101816469572703, -0.0257094768963439,
  // f 8/10 7/9 9/11
  -0.238861208117292, 0.00634113333995917, -0.0248813687658545,
  -0.227765153763345, 0.00634113333995917, -0.0248813687658545,
  -0.227765153763345, 0.0101816469572703, -0.0257094768963439,
  // f 10/12 9/11 8/10
  -0.238861208117292, 0.0101816469572703, -0.0257094768963439,
  -0.227765153763345, 0.0101816469572703, -0.0257094768963439,
  -0.238861208117292, 0.00634113333995917, -0.0248813687658545,
  // f 8/10 9/11 10/12
  -0.238861208117292, 0.00634113333995917, -0.0248813687658545,
  -0.227765153763345, 0.0101816469572703, -0.0257094768963439,
  -0.238861208117292, 0.0101816469572703, -0.0257094768963439,
  // f 11/13 12/14 13/15
  -0.237000397256189, -0.00992846169435421, -0.0231130443937376,
  -0.236880586442141, -0.00978505628507299, -0.0163211252912533,
  -0.237000397256189, -0.00992846169435421, -0.0163211252912533,
  // f 12/14 11/13 14/16
  -0.236880586442141, -0.00978505628507299, -0.0163211252912533,
  -0.237000397256189, -0.00992846169435421, -0.0231130443937376,
  -0.236880586442141, -0.00978505628507299, -0.0231130443937376,
  // f 15/17 11/18 13/19
  -0.237395451320921, -0.00978505628507299, -0.0163211252912533,
  -0.237000397256189, -0.00992846169435421, -0.0231130443937376,
  -0.237000397256189, -0.00992846169435421, -0.0163211252912533,
  // f 16/20 12/21 14/22
  -0.237275640506872, -0.00964165087579176, -0.0231130443937376,
  -0.236880586442141, -0.00978505628507299, -0.0163211252912533,
  -0.236880586442141, -0.00978505628507299, -0.0231130443937376,
  // f 11/18 15/17 17/23
  -0.237000397256189, -0.00992846169435421, -0.0231130443937376,
  -0.237395451320921, -0.00978505628507299, -0.0163211252912533,
  -0.237395451320921, -0.00978505628507299, -0.0231130443937376,
  // f 12/21 16/20 18/24
  -0.236880586442141, -0.00978505628507299, -0.0163211252912533,
  -0.237275640506872, -0.00964165087579176, -0.0231130443937376,
  -0.237275640506872, -0.00964165087579176, -0.0163211252912533,
  // f 15/25 16/26 17/27
  -0.237395451320921, -0.00978505628507299, -0.0163211252912533,
  -0.237275640506872, -0.00964165087579176, -0.0231130443937376,
  -0.237395451320921, -0.00978505628507299, -0.0231130443937376,
  // f 16/26 15/25 18/28
  -0.237275640506872, -0.00964165087579176, -0.0231130443937376,
  -0.237395451320921, -0.00978505628507299, -0.0163211252912533,
  -0.237275640506872, -0.00964165087579176, -0.0163211252912533,
  // f 19/29 20/30 21/31
  -0.229111126772696, -0.00992846169435421, -0.0231130443937376,
  -0.229230937586745, -0.00978505628507299, -0.0163211252912533,
  -0.229111126772696, -0.00992846169435421, -0.0163211252912533,
  // f 20/30 19/29 22/32
  -0.229230937586745, -0.00978505628507299, -0.0163211252912533,
  -0.229111126772696, -0.00992846169435421, -0.0231130443937376,
  -0.229230937586745, -0.00978505628507299, -0.0231130443937376,
  // f 23/33 19/34 21/35
  -0.229414937591718, -0.0101822995390525, -0.0163211252912533,
  -0.229111126772696, -0.00992846169435421, -0.0231130443937376,
  -0.229111126772696, -0.00992846169435421, -0.0163211252912533,
  // f 24/36 20/37 22/38
  -0.229534775432794, -0.0100388941297713, -0.0231130443937376,
  -0.229230937586745, -0.00978505628507299, -0.0163211252912533,
  -0.229230937586745, -0.00978505628507299, -0.0231130443937376,
  // f 19/34 23/33 25/39
  -0.229111126772696, -0.00992846169435421, -0.0231130443937376,
  -0.229414937591718, -0.0101822995390525, -0.0163211252912533,
  -0.229414937591718, -0.0101822995390525, -0.0231130443937376,
  // f 20/37 24/36 26/40
  -0.229230937586745, -0.00978505628507299, -0.0163211252912533,
  -0.229534775432794, -0.0100388941297713, -0.0231130443937376,
  -0.229534775432794, -0.0100388941297713, -0.0163211252912533,
  // f 23/41 24/42 25/43
  -0.229414937591718, -0.0101822995390525, -0.0163211252912533,
  -0.229534775432794, -0.0100388941297713, -0.0231130443937376,
  -0.229414937591718, -0.0101822995390525, -0.0231130443937376,
  // f 24/42 23/41 26/44
  -0.229534775432794, -0.0100388941297713, -0.0231130443937376,
  -0.229414937591718, -0.0101822995390525, -0.0163211252912533,
  -0.229534775432794, -0.0100388941297713, -0.0163211252912533,
  // f 27/45 28/46 29/47
  0.101202287560099, 0.002005241330881, -0.010748422437937,
  0.101202287560099, 0.002005241330881, -0.0188886118471313,
  0.106750287710045, 0.00149134942510014, -0.010748422437937,
  // f 28/46 27/45 29/47
  0.101202287560099, 0.002005241330881, -0.0188886118471313,
  0.101202287560099, 0.002005241330881, -0.010748422437937,
  0.106750287710045, 0.00149134942510014, -0.010748422437937,
  // f 30/48 29/47 28/46
  0.106750287710045, 0.00149134942510014, -0.0188886118471313,
  0.106750287710045, 0.00149134942510014, -0.010748422437937,
  0.101202287560099, 0.002005241330881, -0.0188886118471313,
  // f 28/46 29/47 30/48
  0.101202287560099, 0.002005241330881, -0.0188886118471313,
  0.106750287710045, 0.00149134942510014, -0.010748422437937,
  0.106750287710045, 0.00149134942510014, -0.0188886118471313,
  // f 29/49 30/50 31/51
  0.106750287710045, 0.00149134942510014, -0.010748422437937,
  0.106750287710045, 0.00149134942510014, -0.0188886118471313,
  0.112298341914047, 0.002005241330881, -0.010748422437937,
  // f 31/51 30/50 29/49
  0.112298341914047, 0.002005241330881, -0.010748422437937,
  0.106750287710045, 0.00149134942510014, -0.0188886118471313,
  0.106750287710045, 0.00149134942510014, -0.010748422437937,
  // f 32/52 31/51 30/50
  0.112298341914047, 0.002005241330881, -0.0188886118471313,
  0.112298341914047, 0.002005241330881, -0.010748422437937,
  0.106750287710045, 0.00149134942510014, -0.0188886118471313,
  // f 30/50 31/51 32/52
  0.106750287710045, 0.00149134942510014, -0.0188886118471313,
  0.112298341914047, 0.002005241330881, -0.010748422437937,
  0.112298341914047, 0.002005241330881, -0.0188886118471313,
  // f 33/53 34/54 35/55
  0.112298341914047, 0.00634113333995917, -0.0201430443134673,
  0.101202287560099, 0.00634113333995917, -0.0201430443134673,
  0.112298341914047, 0.0101816469572703, -0.0209711524439567,
  // f 34/54 33/53 35/55
  0.101202287560099, 0.00634113333995917, -0.0201430443134673,
  0.112298341914047, 0.00634113333995917, -0.0201430443134673,
  0.112298341914047, 0.0101816469572703, -0.0209711524439567,
  // f 36/56 35/55 34/54
  0.101202287560099, 0.0101816469572703, -0.0209711524439567,
  0.112298341914047, 0.0101816469572703, -0.0209711524439567,
  0.101202287560099, 0.00634113333995917, -0.0201430443134673,
  // f 34/54 35/55 36/56
  0.101202287560099, 0.00634113333995917, -0.0201430443134673,
  0.112298341914047, 0.0101816469572703, -0.0209711524439567,
  0.101202287560099, 0.0101816469572703, -0.0209711524439567,
  // f 37/57 38/58 39/59
  0.103063098421202, -0.00992846169435421, -0.0183747199413505,
  0.103182909235251, -0.00978505628507299, -0.0115828278658939,
  0.103063098421202, -0.00992846169435421, -0.0115828278658939,
  // f 38/58 37/57 40/60
  0.103182909235251, -0.00978505628507299, -0.0115828278658939,
  0.103063098421202, -0.00992846169435421, -0.0183747199413505,
  0.103182909235251, -0.00978505628507299, -0.0183747199413505,
  // f 41/61 37/62 39/63
  0.102668071383499, -0.00978505628507299, -0.0115828278658939,
  0.103063098421202, -0.00992846169435421, -0.0183747199413505,
  0.103063098421202, -0.00992846169435421, -0.0115828278658939,
  // f 42/64 38/65 40/66
  0.10278785517052, -0.00964165087579176, -0.0183747199413505,
  0.103182909235251, -0.00978505628507299, -0.0115828278658939,
  0.103182909235251, -0.00978505628507299, -0.0183747199413505,
  // f 37/62 41/61 43/67
  0.103063098421202, -0.00992846169435421, -0.0183747199413505,
  0.102668071383499, -0.00978505628507299, -0.0115828278658939,
  0.102668071383499, -0.00978505628507299, -0.0183747199413505,
  // f 38/65 42/64 44/68
  0.103182909235251, -0.00978505628507299, -0.0115828278658939,
  0.10278785517052, -0.00964165087579176, -0.0183747199413505,
  0.10278785517052, -0.00964165087579176, -0.0115828278658939,
  // f 41/69 42/70 43/71
  0.102668071383499, -0.00978505628507299, -0.0115828278658939,
  0.10278785517052, -0.00964165087579176, -0.0183747199413505,
  0.102668071383499, -0.00978505628507299, -0.0183747199413505,
  // f 42/70 41/69 44/72
  0.10278785517052, -0.00964165087579176, -0.0183747199413505,
  0.102668071383499, -0.00978505628507299, -0.0115828278658939,
  0.10278785517052, -0.00964165087579176, -0.0115828278658939,
  // f 45/73 46/74 47/75
  0.110952368904696, -0.00992846169435421, -0.0183747199413505,
  0.110832558090647, -0.00978505628507299, -0.0115828278658939,
  0.110952368904696, -0.00992846169435421, -0.0115828278658939,
  // f 46/74 45/73 48/76
  0.110832558090647, -0.00978505628507299, -0.0115828278658939,
  0.110952368904696, -0.00992846169435421, -0.0183747199413505,
  0.110832558090647, -0.00978505628507299, -0.0183747199413505,
  // f 49/77 45/78 47/79
  0.110648558085674, -0.0101822995390525, -0.0115828278658939,
  0.110952368904696, -0.00992846169435421, -0.0183747199413505,
  0.110952368904696, -0.00992846169435421, -0.0115828278658939,
  // f 50/80 46/81 48/82
  0.110528720244597, -0.0100388941297713, -0.0183747199413505,
  0.110832558090647, -0.00978505628507299, -0.0115828278658939,
  0.110832558090647, -0.00978505628507299, -0.0183747199413505,
  // f 45/78 49/77 51/83
  0.110952368904696, -0.00992846169435421, -0.0183747199413505,
  0.110648558085674, -0.0101822995390525, -0.0115828278658939,
  0.110648558085674, -0.0101822995390525, -0.0183747199413505,
  // f 46/81 50/80 52/84
  0.110832558090647, -0.00978505628507299, -0.0115828278658939,
  0.110528720244597, -0.0100388941297713, -0.0183747199413505,
  0.110528720244597, -0.0100388941297713, -0.0115828278658939,
  // f 49/85 50/86 51/87
  0.110648558085674, -0.0101822995390525, -0.0115828278658939,
  0.110528720244597, -0.0100388941297713, -0.0183747199413505,
  0.110648558085674, -0.0101822995390525, -0.0183747199413505,
  // f 50/86 49/85 52/88
  0.110528720244597, -0.0100388941297713, -0.0183747199413505,
  0.110648558085674, -0.0101822995390525, -0.0115828278658939,
  0.110528720244597, -0.0100388941297713, -0.0115828278658939,
  // f 53/89 54/90 55/91
  -0.207694396464135, 0.00200526835790876, 0.395511372325841,
  -0.207694396464135, 0.00200526835790876, 0.403651561735036,
  -0.213242423641109, 0.0014913764521279, 0.395511372325841,
  // f 54/90 53/89 55/91
  -0.207694396464135, 0.00200526835790876, 0.403651561735036,
  -0.207694396464135, 0.00200526835790876, 0.395511372325841,
  -0.213242423641109, 0.0014913764521279, 0.395511372325841,
  // f 56/92 55/91 54/90
  -0.213242423641109, 0.0014913764521279, 0.403651561735036,
  -0.213242423641109, 0.0014913764521279, 0.395511372325841,
  -0.207694396464135, 0.00200526835790876, 0.403651561735036,
  // f 54/90 55/91 56/92
  -0.207694396464135, 0.00200526835790876, 0.403651561735036,
  -0.213242423641109, 0.0014913764521279, 0.395511372325841,
  -0.213242423641109, 0.0014913764521279, 0.403651561735036,
  // f 55/93 56/94 57/95
  -0.213242423641109, 0.0014913764521279, 0.395511372325841,
  -0.213242423641109, 0.0014913764521279, 0.403651561735036,
  -0.218790477845111, 0.00200526835790876, 0.395511372325841,
  // f 57/95 56/94 55/93
  -0.218790477845111, 0.00200526835790876, 0.395511372325841,
  -0.213242423641109, 0.0014913764521279, 0.403651561735036,
  -0.213242423641109, 0.0014913764521279, 0.395511372325841,
  // f 58/96 57/95 56/94
  -0.218790450818083, 0.00200526835790876, 0.403651561735036,
  -0.218790477845111, 0.00200526835790876, 0.395511372325841,
  -0.213242423641109, 0.0014913764521279, 0.403651561735036,
  // f 56/94 57/95 58/96
  -0.213242423641109, 0.0014913764521279, 0.403651561735036,
  -0.218790477845111, 0.00200526835790876, 0.395511372325841,
  -0.218790450818083, 0.00200526835790876, 0.403651561735036,
  // f 59/97 60/98 61/99
  -0.218790450818083, 0.00634116036698692, 0.404905967174344,
  -0.207694396464135, 0.00634116036698692, 0.404905967174344,
  -0.218790450818083, 0.0101816739842981, 0.405734102331861,
  // f 60/98 59/97 61/99
  -0.207694396464135, 0.00634116036698692, 0.404905967174344,
  -0.218790450818083, 0.00634116036698692, 0.404905967174344,
  -0.218790450818083, 0.0101816739842981, 0.405734102331861,
  // f 62/100 61/99 60/98
  -0.207694396464135, 0.0101816739842981, 0.405734102331861,
  -0.218790450818083, 0.0101816739842981, 0.405734102331861,
  -0.207694396464135, 0.00634116036698692, 0.404905967174344,
  // f 60/98 61/99 62/100
  -0.207694396464135, 0.00634116036698692, 0.404905967174344,
  -0.218790450818083, 0.0101816739842981, 0.405734102331861,
  -0.207694396464135, 0.0101816739842981, 0.405734102331861,
  // f 63/101 64/102 65/103
  -0.209555234352266, -0.00992843466732646, 0.403137669829255,
  -0.209675045166315, -0.00978502925804523, 0.39634575072677,
  -0.209555234352266, -0.00992843466732646, 0.39634575072677,
  // f 64/102 63/101 66/104
  -0.209675045166315, -0.00978502925804523, 0.39634575072677,
  -0.209555234352266, -0.00992843466732646, 0.403137669829255,
  -0.209675045166315, -0.00978502925804523, 0.403137669829255,
  // f 67/105 63/106 65/107
  -0.209160180287535, -0.00978502925804523, 0.39634575072677,
  -0.209555234352266, -0.00992843466732646, 0.403137669829255,
  -0.209555234352266, -0.00992843466732646, 0.39634575072677,
  // f 68/108 64/109 66/110
  -0.209279991101584, -0.009641623848764, 0.403137669829255,
  -0.209675045166315, -0.00978502925804523, 0.39634575072677,
  -0.209675045166315, -0.00978502925804523, 0.403137669829255,
  // f 63/106 67/105 69/111
  -0.209555234352266, -0.00992843466732646, 0.403137669829255,
  -0.209160180287535, -0.00978502925804523, 0.39634575072677,
  -0.209160180287535, -0.00978502925804523, 0.403137669829255,
  // f 64/109 68/108 70/112
  -0.209675045166315, -0.00978502925804523, 0.39634575072677,
  -0.209279991101584, -0.009641623848764, 0.403137669829255,
  -0.209279991101584, -0.009641623848764, 0.39634575072677,
  // f 67/113 68/114 69/115
  -0.209160180287535, -0.00978502925804523, 0.39634575072677,
  -0.209279991101584, -0.009641623848764, 0.403137669829255,
  -0.209160180287535, -0.00978502925804523, 0.403137669829255,
  // f 68/114 67/113 70/116
  -0.209279991101584, -0.009641623848764, 0.403137669829255,
  -0.209160180287535, -0.00978502925804523, 0.39634575072677,
  -0.209279991101584, -0.009641623848764, 0.39634575072677,
  // f 71/117 72/118 73/119
  -0.21744450483576, -0.00992843466732646, 0.403137669829255,
  -0.217324694021711, -0.00978502925804523, 0.39634575072677,
  -0.21744450483576, -0.00992843466732646, 0.39634575072677,
  // f 72/118 71/117 74/120
  -0.217324694021711, -0.00978502925804523, 0.39634575072677,
  -0.21744450483576, -0.00992843466732646, 0.403137669829255,
  -0.217324694021711, -0.00978502925804523, 0.403137669829255,
  // f 75/121 71/122 73/123
  -0.21714066698971, -0.0101822725120248, 0.39634575072677,
  -0.21744450483576, -0.00992843466732646, 0.403137669829255,
  -0.21744450483576, -0.00992843466732646, 0.39634575072677,
  // f 76/124 72/125 74/126
  -0.217020856175661, -0.0100388671027435, 0.403137669829255,
  -0.217324694021711, -0.00978502925804523, 0.39634575072677,
  -0.217324694021711, -0.00978502925804523, 0.403137669829255,
  // f 71/122 75/121 77/127
  -0.21744450483576, -0.00992843466732646, 0.403137669829255,
  -0.21714066698971, -0.0101822725120248, 0.39634575072677,
  -0.21714066698971, -0.0101822725120248, 0.403137669829255,
  // f 72/125 76/124 78/128
  -0.217324694021711, -0.00978502925804523, 0.39634575072677,
  -0.217020856175661, -0.0100388671027435, 0.403137669829255,
  -0.217020856175661, -0.0100388671027435, 0.39634575072677,
  // f 75/129 76/130 77/131
  -0.21714066698971, -0.0101822725120248, 0.39634575072677,
  -0.217020856175661, -0.0100388671027435, 0.403137669829255,
  -0.21714066698971, -0.0101822725120248, 0.403137669829255,
  // f 76/130 75/129 78/132
  -0.217020856175661, -0.0100388671027435, 0.403137669829255,
  -0.21714066698971, -0.0101822725120248, 0.39634575072677,
  -0.217020856175661, -0.0100388671027435, 0.39634575072677,
  // f 79/133 80/134 81/135
  0.132369099213256, 0.00200526835790876, 0.400249723805256,
  0.132369099213256, 0.00200526835790876, 0.40838991321445,
  0.12682109906331, 0.0014913764521279, 0.400249723805256,
  // f 80/134 79/133 81/135
  0.132369099213256, 0.00200526835790876, 0.40838991321445,
  0.132369099213256, 0.00200526835790876, 0.400249723805256,
  0.12682109906331, 0.0014913764521279, 0.400249723805256,
  // f 82/136 81/135 80/134
  0.12682109906331, 0.0014913764521279, 0.40838991321445,
  0.12682109906331, 0.0014913764521279, 0.400249723805256,
  0.132369099213256, 0.00200526835790876, 0.40838991321445,
  // f 80/134 81/135 82/136
  0.132369099213256, 0.00200526835790876, 0.40838991321445,
  0.12682109906331, 0.0014913764521279, 0.400249723805256,
  0.12682109906331, 0.0014913764521279, 0.40838991321445,
  // f 81/137 82/138 83/139
  0.12682109906331, 0.0014913764521279, 0.400249723805256,
  0.12682109906331, 0.0014913764521279, 0.40838991321445,
  0.121273071886337, 0.00200526835790876, 0.400249723805256,
  // f 83/139 82/138 81/137
  0.121273071886337, 0.00200526835790876, 0.400249723805256,
  0.12682109906331, 0.0014913764521279, 0.40838991321445,
  0.12682109906331, 0.0014913764521279, 0.400249723805256,
  // f 84/140 83/139 82/138
  0.121273071886337, 0.00200526835790876, 0.40838991321445,
  0.121273071886337, 0.00200526835790876, 0.400249723805256,
  0.12682109906331, 0.0014913764521279, 0.40838991321445,
  // f 82/138 83/139 84/140
  0.12682109906331, 0.0014913764521279, 0.40838991321445,
  0.121273071886337, 0.00200526835790876, 0.400249723805256,
  0.121273071886337, 0.00200526835790876, 0.40838991321445,
  // f 85/141 86/142 87/143
  0.121273071886337, 0.00634116036698692, 0.409644318653759,
  0.132369099213256, 0.00634116036698692, 0.409644318653759,
  0.121273071886337, 0.0101816739842981, 0.410472453811276,
  // f 86/142 85/141 87/143
  0.132369099213256, 0.00634116036698692, 0.409644318653759,
  0.121273071886337, 0.00634116036698692, 0.409644318653759,
  0.121273071886337, 0.0101816739842981, 0.410472453811276,
  // f 88/144 87/143 86/142
  0.132369099213256, 0.0101816739842981, 0.410472453811276,
  0.121273071886337, 0.0101816739842981, 0.410472453811276,
  0.132369099213256, 0.00634116036698692, 0.409644318653759,
  // f 86/142 87/143 88/144
  0.132369099213256, 0.00634116036698692, 0.409644318653759,
  0.121273071886337, 0.0101816739842981, 0.410472453811276,
  0.132369099213256, 0.0101816739842981, 0.410472453811276,
  // f 89/145 90/146 91/147
  0.130508315379181, -0.00992843466732646, 0.40787602130867,
  0.130388477538104, -0.00978502925804523, 0.401084102206185,
  0.130508315379181, -0.00992843466732646, 0.401084102206185,
  // f 90/146 89/145 92/148
  0.130388477538104, -0.00978502925804523, 0.401084102206185,
  0.130508315379181, -0.00992843466732646, 0.40787602130867,
  0.130388477538104, -0.00978502925804523, 0.40787602130867,
  // f 93/149 89/150 91/151
  0.130903342416885, -0.00978502925804523, 0.401084102206185,
  0.130508315379181, -0.00992843466732646, 0.40787602130867,
  0.130508315379181, -0.00992843466732646, 0.401084102206185,
  // f 94/152 90/153 92/154
  0.130783531602836, -0.009641623848764, 0.40787602130867,
  0.130388477538104, -0.00978502925804523, 0.401084102206185,
  0.130388477538104, -0.00978502925804523, 0.40787602130867,
  // f 89/150 93/149 95/155
  0.130508315379181, -0.00992843466732646, 0.40787602130867,
  0.130903342416885, -0.00978502925804523, 0.401084102206185,
  0.130903342416885, -0.00978502925804523, 0.40787602130867,
  // f 90/153 94/152 96/156
  0.130388477538104, -0.00978502925804523, 0.401084102206185,
  0.130783531602836, -0.009641623848764, 0.40787602130867,
  0.130783531602836, -0.009641623848764, 0.401084102206185,
  // f 93/157 94/158 95/159
  0.130903342416885, -0.00978502925804523, 0.401084102206185,
  0.130783531602836, -0.009641623848764, 0.40787602130867,
  0.130903342416885, -0.00978502925804523, 0.40787602130867,
  // f 94/158 93/157 96/160
  0.130783531602836, -0.009641623848764, 0.40787602130867,
  0.130903342416885, -0.00978502925804523, 0.401084102206185,
  0.130783531602836, -0.009641623848764, 0.401084102206185,
  // f 97/161 98/162 99/163
  0.12261901786866, -0.00992843466732646, 0.40787602130867,
  0.122738828682708, -0.00978502925804523, 0.401084102206185,
  0.12261901786866, -0.00992843466732646, 0.401084102206185,
  // f 98/162 97/161 100/164
  0.122738828682708, -0.00978502925804523, 0.401084102206185,
  0.12261901786866, -0.00992843466732646, 0.40787602130867,
  0.122738828682708, -0.00978502925804523, 0.40787602130867,
  // f 101/165 97/166 99/167
  0.122922828687681, -0.0101822725120248, 0.401084102206185,
  0.12261901786866, -0.00992843466732646, 0.40787602130867,
  0.12261901786866, -0.00992843466732646, 0.401084102206185,
  // f 102/168 98/169 100/170
  0.123042666528758, -0.0100388671027435, 0.40787602130867,
  0.122738828682708, -0.00978502925804523, 0.401084102206185,
  0.122738828682708, -0.00978502925804523, 0.40787602130867,
  // f 97/166 101/165 103/171
  0.12261901786866, -0.00992843466732646, 0.40787602130867,
  0.122922828687681, -0.0101822725120248, 0.401084102206185,
  0.122922828687681, -0.0101822725120248, 0.40787602130867,
  // f 98/169 102/168 104/172
  0.122738828682708, -0.00978502925804523, 0.401084102206185,
  0.123042666528758, -0.0100388671027435, 0.40787602130867,
  0.123042666528758, -0.0100388671027435, 0.401084102206185,
  // f 101/173 102/174 103/175
  0.122922828687681, -0.0101822725120248, 0.401084102206185,
  0.123042666528758, -0.0100388671027435, 0.40787602130867,
  0.122922828687681, -0.0101822725120248, 0.40787602130867,
  // f 102/174 101/173 104/176
  0.123042666528758, -0.0100388671027435, 0.40787602130867,
  0.122922828687681, -0.0101822725120248, 0.401084102206185,
  0.123042666528758, -0.0100388671027435, 0.401084102206185,
  // f 105/177 106/178 107/179
  -0.512766647952575, 0.00200526835790876, 0.352480587379063,
  -0.520906837361769, 0.00200526835790876, 0.352480587379063,
  -0.512766647952575, 0.0014913764521279, 0.346932533175062,
  // f 106/178 105/177 107/179
  -0.520906837361769, 0.00200526835790876, 0.352480587379063,
  -0.512766647952575, 0.00200526835790876, 0.352480587379063,
  -0.512766647952575, 0.0014913764521279, 0.346932533175062,
  // f 108/180 107/179 106/178
  -0.520906837361769, 0.0014913764521279, 0.346932533175062,
  -0.512766647952575, 0.0014913764521279, 0.346932533175062,
  -0.520906837361769, 0.00200526835790876, 0.352480587379063,
  // f 106/178 107/179 108/180
  -0.520906837361769, 0.00200526835790876, 0.352480587379063,
  -0.512766647952575, 0.0014913764521279, 0.346932533175062,
  -0.520906837361769, 0.0014913764521279, 0.346932533175062,
  // f 107/181 108/182 109/183
  -0.512766647952575, 0.0014913764521279, 0.346932533175062,
  -0.520906837361769, 0.0014913764521279, 0.346932533175062,
  -0.512766647952575, 0.00200526835790876, 0.341384505998088,
  // f 109/183 108/182 107/181
  -0.512766647952575, 0.00200526835790876, 0.341384505998088,
  -0.520906837361769, 0.0014913764521279, 0.346932533175062,
  -0.512766647952575, 0.0014913764521279, 0.346932533175062,
  // f 110/184 109/183 108/182
  -0.520906837361769, 0.00200526835790876, 0.341384505998088,
  -0.512766647952575, 0.00200526835790876, 0.341384505998088,
  -0.520906837361769, 0.0014913764521279, 0.346932533175062,
  // f 108/182 109/183 110/184
  -0.520906837361769, 0.0014913764521279, 0.346932533175062,
  -0.512766647952575, 0.00200526835790876, 0.341384505998088,
  -0.520906837361769, 0.00200526835790876, 0.341384505998088,
  // f 111/185 112/186 113/187
  -0.522161269828105, 0.00634116036698692, 0.341384505998088,
  -0.522161269828105, 0.00634116036698692, 0.352480587379063,
  -0.522989377958594, 0.0101816739842981, 0.341384505998088,
  // f 112/186 111/185 113/187
  -0.522161269828105, 0.00634116036698692, 0.352480587379063,
  -0.522161269828105, 0.00634116036698692, 0.341384505998088,
  -0.522989377958594, 0.0101816739842981, 0.341384505998088,
  // f 114/188 113/187 112/186
  -0.522989377958594, 0.0101816739842981, 0.352480587379063,
  -0.522989377958594, 0.0101816739842981, 0.341384505998088,
  -0.522161269828105, 0.00634116036698692, 0.352480587379063,
  // f 112/186 113/187 114/188
  -0.522161269828105, 0.00634116036698692, 0.352480587379063,
  -0.522989377958594, 0.0101816739842981, 0.341384505998088,
  -0.522989377958594, 0.0101816739842981, 0.352480587379063,
  // f 115/189 116/190 117/191
  -0.520392945455988, -0.00992843466732646, 0.350619749490932,
  -0.513601053380532, -0.00978502925804523, 0.350499938676884,
  -0.513601053380532, -0.00992843466732646, 0.350619749490932,
  // f 116/190 115/189 118/192
  -0.513601053380532, -0.00978502925804523, 0.350499938676884,
  -0.520392945455988, -0.00992843466732646, 0.350619749490932,
  -0.520392945455988, -0.00978502925804523, 0.350499938676884,
  // f 119/193 115/194 117/195
  -0.513601053380532, -0.00978502925804523, 0.351014803555664,
  -0.520392945455988, -0.00992843466732646, 0.350619749490932,
  -0.513601053380532, -0.00992843466732646, 0.350619749490932,
  // f 120/196 116/197 118/198
  -0.520392945455988, -0.009641623848764, 0.350894992741615,
  -0.513601053380532, -0.00978502925804523, 0.350499938676884,
  -0.520392945455988, -0.00978502925804523, 0.350499938676884,
  // f 115/194 119/193 121/199
  -0.520392945455988, -0.00992843466732646, 0.350619749490932,
  -0.513601053380532, -0.00978502925804523, 0.351014803555664,
  -0.520392945455988, -0.00978502925804523, 0.351014803555664,
  // f 116/197 120/196 122/200
  -0.513601053380532, -0.00978502925804523, 0.350499938676884,
  -0.520392945455988, -0.009641623848764, 0.350894992741615,
  -0.513601053380532, -0.009641623848764, 0.350894992741615,
  // f 119/201 120/202 121/203
  -0.513601053380532, -0.00978502925804523, 0.351014803555664,
  -0.520392945455988, -0.009641623848764, 0.350894992741615,
  -0.520392945455988, -0.00978502925804523, 0.351014803555664,
  // f 120/202 119/201 122/204
  -0.520392945455988, -0.009641623848764, 0.350894992741615,
  -0.513601053380532, -0.00978502925804523, 0.351014803555664,
  -0.513601053380532, -0.009641623848764, 0.350894992741615,
  // f 123/205 124/206 125/207
  -0.520392945455988, -0.00992843466732646, 0.342730479007439,
  -0.513601053380532, -0.00978502925804523, 0.342850316848515,
  -0.513601053380532, -0.00992843466732646, 0.342730479007439,
  // f 124/206 123/205 126/208
  -0.513601053380532, -0.00978502925804523, 0.342850316848515,
  -0.520392945455988, -0.00992843466732646, 0.342730479007439,
  -0.520392945455988, -0.00978502925804523, 0.342850316848515,
  // f 127/209 123/210 125/211
  -0.513601053380532, -0.0101822995390525, 0.343034316853488,
  -0.520392945455988, -0.00992843466732646, 0.342730479007439,
  -0.513601053380532, -0.00992843466732646, 0.342730479007439,
  // f 128/212 124/213 126/214
  -0.520392945455988, -0.0100388941297713, 0.343154127667537,
  -0.513601053380532, -0.00978502925804523, 0.342850316848515,
  -0.520392945455988, -0.00978502925804523, 0.342850316848515,
  // f 123/210 127/209 129/215
  -0.520392945455988, -0.00992843466732646, 0.342730479007439,
  -0.513601053380532, -0.0101822995390525, 0.343034316853488,
  -0.520392945455988, -0.0101822995390525, 0.343034316853488,
  // f 124/213 128/212 130/216
  -0.513601053380532, -0.00978502925804523, 0.342850316848515,
  -0.520392945455988, -0.0100388941297713, 0.343154127667537,
  -0.513601053380532, -0.0100388941297713, 0.343154100640509,
  // f 127/217 128/218 129/219
  -0.513601053380532, -0.0101822995390525, 0.343034316853488,
  -0.520392945455988, -0.0100388941297713, 0.343154127667537,
  -0.520392945455988, -0.0101822995390525, 0.343034316853488,
  // f 128/218 127/217 130/220
  -0.520392945455988, -0.0100388941297713, 0.343154127667537,
  -0.513601053380532, -0.0101822995390525, 0.343034316853488,
  -0.513601053380532, -0.0100388941297713, 0.343154100640509,
  // f 131/221 132/222 133/223
  -0.520055296798214, 0.002005241330881, 0.0761321204507263,
  -0.528195486207408, 0.002005241330881, 0.0761321204507263,
  -0.520055296798214, 0.00149134942510014, 0.0705840932737526,
  // f 132/222 131/221 133/223
  -0.528195486207408, 0.002005241330881, 0.0761321204507263,
  -0.520055296798214, 0.002005241330881, 0.0761321204507263,
  -0.520055296798214, 0.00149134942510014, 0.0705840932737526,
  // f 134/224 133/223 132/222
  -0.528195486207408, 0.00149134942510014, 0.0705840932737526,
  -0.520055296798214, 0.00149134942510014, 0.0705840932737526,
  -0.528195486207408, 0.002005241330881, 0.0761321204507263,
  // f 132/222 133/223 134/224
  -0.528195486207408, 0.002005241330881, 0.0761321204507263,
  -0.520055296798214, 0.00149134942510014, 0.0705840932737526,
  -0.528195486207408, 0.00149134942510014, 0.0705840932737526,
  // f 133/225 134/226 135/227
  -0.520055296798214, 0.00149134942510014, 0.0705840932737526,
  -0.528195486207408, 0.00149134942510014, 0.0705840932737526,
  -0.520055296798214, 0.002005241330881, 0.0650360660967789,
  // f 135/227 134/226 133/225
  -0.520055296798214, 0.002005241330881, 0.0650360660967789,
  -0.528195486207408, 0.00149134942510014, 0.0705840932737526,
  -0.520055296798214, 0.00149134942510014, 0.0705840932737526,
  // f 136/228 135/227 134/226
  -0.528195486207408, 0.002005241330881, 0.0650360660967789,
  -0.520055296798214, 0.002005241330881, 0.0650360660967789,
  -0.528195486207408, 0.00149134942510014, 0.0705840932737526,
  // f 134/226 135/227 136/228
  -0.528195486207408, 0.00149134942510014, 0.0705840932737526,
  -0.520055296798214, 0.002005241330881, 0.0650360660967789,
  -0.528195486207408, 0.002005241330881, 0.0650360660967789,
  // f 137/229 138/230 139/231
  -0.529449918673744, 0.00634113333995917, 0.0650360660967789,
  -0.529449918673744, 0.00634113333995917, 0.0761321204507263,
  -0.530278026804234, 0.0101816469572703, 0.0650360660967789,
  // f 138/230 137/229 139/231
  -0.529449918673744, 0.00634113333995917, 0.0761321204507263,
  -0.529449918673744, 0.00634113333995917, 0.0650360660967789,
  -0.530278026804234, 0.0101816469572703, 0.0650360660967789,
  // f 140/232 139/231 138/230
  -0.530278026804234, 0.0101816469572703, 0.0761321204507263,
  -0.530278026804234, 0.0101816469572703, 0.0650360660967789,
  -0.529449918673744, 0.00634113333995917, 0.0761321204507263,
  // f 138/230 139/231 140/232
  -0.529449918673744, 0.00634113333995917, 0.0761321204507263,
  -0.530278026804234, 0.0101816469572703, 0.0650360660967789,
  -0.530278026804234, 0.0101816469572703, 0.0761321204507263,
  // f 141/233 142/234 143/235
  -0.527681594301627, -0.00992846169435421, 0.0742713095896233,
  -0.520889702226171, -0.00978505628507299, 0.0741514987755744,
  -0.520889702226171, -0.00992846169435421, 0.0742713095896233,
  // f 142/234 141/233 144/236
  -0.520889702226171, -0.00978505628507299, 0.0741514987755744,
  -0.527681594301627, -0.00992846169435421, 0.0742713095896233,
  -0.527681594301627, -0.00978505628507299, 0.0741514987755744,
  // f 145/237 141/238 143/239
  -0.520889702226171, -0.00978505628507299, 0.0746663366273267,
  -0.527681594301627, -0.00992846169435421, 0.0742713095896233,
  -0.520889702226171, -0.00992846169435421, 0.0742713095896233,
  // f 146/240 142/241 144/242
  -0.527681594301627, -0.00964165087579176, 0.0745465258132778,
  -0.520889702226171, -0.00978505628507299, 0.0741514987755744,
  -0.527681594301627, -0.00978505628507299, 0.0741514987755744,
  // f 141/238 145/237 147/243
  -0.527681594301627, -0.00992846169435421, 0.0742713095896233,
  -0.520889702226171, -0.00978505628507299, 0.0746663366273267,
  -0.527681594301627, -0.00978505628507299, 0.0746663366273267,
  // f 142/241 146/240 148/244
  -0.520889702226171, -0.00978505628507299, 0.0741514987755744,
  -0.527681594301627, -0.00964165087579176, 0.0745465258132778,
  -0.520889702226171, -0.00964165087579176, 0.0745465258132778,
  // f 145/245 146/246 147/247
  -0.520889702226171, -0.00978505628507299, 0.0746663366273267,
  -0.527681594301627, -0.00964165087579176, 0.0745465258132778,
  -0.527681594301627, -0.00978505628507299, 0.0746663366273267,
  // f 146/246 145/245 148/248
  -0.527681594301627, -0.00964165087579176, 0.0745465258132778,
  -0.520889702226171, -0.00978505628507299, 0.0746663366273267,
  -0.520889702226171, -0.00964165087579176, 0.0745465258132778,
  // f 149/249 150/250 151/251
  -0.527681594301627, -0.00992846169435421, 0.0663820391061295,
  -0.520889702226171, -0.00978505628507299, 0.0665018499201784,
  -0.520889702226171, -0.00992846169435421, 0.0663820391061295,
  // f 150/250 149/249 152/252
  -0.520889702226171, -0.00978505628507299, 0.0665018499201784,
  -0.527681594301627, -0.00992846169435421, 0.0663820391061295,
  -0.527681594301627, -0.00978505628507299, 0.0665018499201784,
  // f 153/253 149/254 151/255
  -0.520889702226171, -0.0101822995390525, 0.0666858499251514,
  -0.527681594301627, -0.00992846169435421, 0.0663820391061295,
  -0.520889702226171, -0.00992846169435421, 0.0663820391061295,
  // f 154/256 150/257 152/258
  -0.527681594301627, -0.0100388941297713, 0.0668056607392004,
  -0.520889702226171, -0.00978505628507299, 0.0665018499201784,
  -0.527681594301627, -0.00978505628507299, 0.0665018499201784,
  // f 149/254 153/253 155/259
  -0.527681594301627, -0.00992846169435421, 0.0663820391061295,
  -0.520889702226171, -0.0101822995390525, 0.0666858499251514,
  -0.527681594301627, -0.0101822995390525, 0.0666858499251514,
  // f 150/257 154/256 156/260
  -0.520889702226171, -0.00978505628507299, 0.0665018499201784,
  -0.527681594301627, -0.0100388941297713, 0.0668056607392004,
  -0.520889702226171, -0.0100388941297713, 0.0668056607392004,
  // f 153/261 154/262 155/263
  -0.520889702226171, -0.0101822995390525, 0.0666858499251514,
  -0.527681594301627, -0.0100388941297713, 0.0668056607392004,
  -0.527681594301627, -0.0101822995390525, 0.0666858499251514,
  // f 154/262 153/261 156/264
  -0.527681594301627, -0.0100388941297713, 0.0668056607392004,
  -0.520889702226171, -0.0101822995390525, 0.0666858499251514,
  -0.520889702226171, -0.0100388941297713, 0.0668056607392004,
  // f 157/265 158/266 159/267
  -0.517138594016681, 0.002005241330881, 0.203710177952836,
  -0.525278756398848, 0.002005241330881, 0.203710177952836,
  -0.517138594016681, 0.00149134942510014, 0.198162123748834,
  // f 158/266 157/265 159/267
  -0.525278756398848, 0.002005241330881, 0.203710177952836,
  -0.517138594016681, 0.002005241330881, 0.203710177952836,
  -0.517138594016681, 0.00149134942510014, 0.198162123748834,
  // f 160/268 159/267 158/266
  -0.525278756398848, 0.00149134942510014, 0.198162123748834,
  -0.517138594016681, 0.00149134942510014, 0.198162123748834,
  -0.525278756398848, 0.002005241330881, 0.203710177952836,
  // f 158/266 159/267 160/268
  -0.525278756398848, 0.002005241330881, 0.203710177952836,
  -0.517138594016681, 0.00149134942510014, 0.198162123748834,
  -0.525278756398848, 0.00149134942510014, 0.198162123748834,
  // f 159/269 160/270 161/271
  -0.517138594016681, 0.00149134942510014, 0.198162123748834,
  -0.525278756398848, 0.00149134942510014, 0.198162123748834,
  -0.517138594016681, 0.002005241330881, 0.192614096571861,
  // f 161/271 160/270 159/269
  -0.517138594016681, 0.002005241330881, 0.192614096571861,
  -0.525278756398848, 0.00149134942510014, 0.198162123748834,
  -0.517138594016681, 0.00149134942510014, 0.198162123748834,
  // f 162/272 161/271 160/270
  -0.525278756398848, 0.002005241330881, 0.192614096571861,
  -0.517138594016681, 0.002005241330881, 0.192614096571861,
  -0.525278756398848, 0.00149134942510014, 0.198162123748834,
  // f 160/270 161/271 162/272
  -0.525278756398848, 0.00149134942510014, 0.198162123748834,
  -0.517138594016681, 0.002005241330881, 0.192614096571861,
  -0.525278756398848, 0.002005241330881, 0.192614096571861,
  // f 163/273 164/274 165/275
  -0.526533215892212, 0.00634116036698692, 0.192614096571861,
  -0.526533215892212, 0.00634116036698692, 0.203710177952836,
  -0.527361296995673, 0.0101816739842981, 0.192614096571861,
  // f 164/274 163/273 165/275
  -0.526533215892212, 0.00634116036698692, 0.203710177952836,
  -0.526533215892212, 0.00634116036698692, 0.192614096571861,
  -0.527361296995673, 0.0101816739842981, 0.192614096571861,
  // f 166/276 165/275 164/274
  -0.527361296995673, 0.0101816739842981, 0.203710177952836,
  -0.527361296995673, 0.0101816739842981, 0.192614096571861,
  -0.526533215892212, 0.00634116036698692, 0.203710177952836,
  // f 164/274 165/275 166/276
  -0.526533215892212, 0.00634116036698692, 0.203710177952836,
  -0.527361296995673, 0.0101816739842981, 0.192614096571861,
  -0.527361296995673, 0.0101816739842981, 0.203710177952836,
  // f 167/277 168/278 169/279
  -0.524764891520095, -0.00992846169435421, 0.201849340064705,
  -0.51797297241761, -0.00978505628507299, 0.201729529250656,
  -0.51797297241761, -0.00992846169435421, 0.201849340064705,
  // f 168/278 167/277 170/280
  -0.51797297241761, -0.00978505628507299, 0.201729529250656,
  -0.524764891520095, -0.00992846169435421, 0.201849340064705,
  -0.524764891520095, -0.00978505628507299, 0.201729529250656,
  // f 171/281 167/282 169/283
  -0.51797297241761, -0.00978505628507299, 0.202244394129436,
  -0.524764891520095, -0.00992846169435421, 0.201849340064705,
  -0.51797297241761, -0.00992846169435421, 0.201849340064705,
  // f 172/284 168/285 170/286
  -0.524764891520095, -0.00964165087579176, 0.202124583315387,
  -0.51797297241761, -0.00978505628507299, 0.201729529250656,
  -0.524764891520095, -0.00978505628507299, 0.201729529250656,
